0 AesInit
1 AesEncrypt
2 AesDecrypt
3 BaseOTSenderInit
4 BaseOTRecverInit
5 BaseOTSend
6 BaseOTRecv
7 HashSender
8 HashRecver
9 PprfSender
10 PprfRecver
11 RsaEncrypt
12 RsaDecrypt
--------------------
<start/end> <thread id> <event> <ms since init>
--------------------
s 47185921644288 9 0.132299
s 47185923745536 10 0.150784
s 47185969346304 3 1102.05
s 47185975650048 3 1102.15
s 47185971447552 4 1102.16
s 47185973548800 3 1102.21
s 47186228291328 3 1102.84
s 47185979852544 3 1102.52
s 47185981953792 4 1102.52
s 47185986156288 4 1102.52
e 47185971447552 4 1102.65
e 47185969346304 3 1102.65
s 47186226190080 4 1102.69
s 47185984055040 3 1102.7
s 47186224088832 3 1102.7
s 47186230392576 4 1102.84
s 47185977751296 4 1102.51
e 47185977751296 4 1127.16
s 47186236696320 4 1103.01
s 47186234595072 4 1103.05
s 47186240898816 4 1103.2
s 47186247202560 3 1103.39
s 47186249303808 3 1103.39
s 47186245101312 4 1103.41
e 47185975650048 3 1103.5
e 47185981953792 4 1103.5
s 47186251405056 4 1103.52
e 47186247202560 3 1128.78
s 47186360407808 4 1103.65
e 47185986156288 4 1103.66
e 47185979852544 3 1103.66
s 47186366711552 4 1103.79
s 47186370914048 4 1103.84
e 47186226190080 4 1104.13
e 47185984055040 3 1104.13
s 47185971447552 6 1104.23
s 47185971447552 11 1130.01
s 47186373015296 4 1126.83
e 47186224088832 3 1126.98
e 47186230392576 4 1126.98
s 47186238797568 3 1127.05
s 47186243000064 3 1127.06
s 47186253506304 3 1127.08
s 47186364610304 4 1127.09
e 47186364610304 4 1130.97
s 47186368812800 3 1127.12
e 47186368812800 3 1131.2
s 47186232493824 3 1103
e 47186234595072 4 1127.6
e 47186228291328 3 1127.6
e 47186251405056 4 1128.78
s 47186358306560 3 1103.58
e 47186358306560 3 1131.84
e 47186249303808 3 1129.01
s 47185969346304 5 1104.33
e 47186238797568 3 1130.59
e 47186240898816 4 1130.59
e 47186245101312 4 1130.72
e 47186243000064 3 1130.72
e 47186253506304 3 1130.97
s 47186362509056 3 1127.11
e 47186362509056 3 1132.81
e 47185973548800 3 1127.16
e 47186232493824 3 1131.42
e 47186236696320 4 1131.42
e 47186366711552 4 1131.84
e 47186360407808 4 1129.01
e 47186370914048 4 1132.81
e 47186373015296 4 1131.2
