CUDA API Statistics:

 Time(%)  Total Time (ns)  Num Calls     Average       Minimum      Maximum              Name
 -------  ---------------  ---------  -------------  -----------  -----------  ------------------------
    31.5      686,163,267        384    1,786,883.5        3,032   30,187,607  cudaDeviceSynchronize
    30.4      664,139,754        418    1,588,851.1        4,373   42,066,583  cudaMemcpy
    27.9      607,824,544          1  607,824,544.0  607,824,544  607,824,544  cudaHostAlloc
     5.2      113,635,372          1  113,635,372.0  113,635,372  113,635,372  cudaFreeHost
     2.5       53,617,627         34    1,576,989.0       12,047    4,534,739  cudaMalloc
     2.4       53,033,494         34    1,559,808.6        7,565   10,537,297  cudaFree
     0.1        2,901,084        768        3,777.5        2,907       39,786  cudaLaunchKernel
     0.0           44,660          2       22,330.0        3,214       41,446  cudaCreateTextureObject
     0.0           11,768          2        5,884.0        3,019        8,749  cudaDestroyTextureObject



CUDA Kernel Statistics:

 Time(%)  Total Time (ns)  Instances   Average   Minimum   Maximum                                              Name
 -------  ---------------  ---------  ---------  -------  ----------  ----------------------------------------------------------------------------------------
   100.0      662,237,563        768  862,288.5    6,240  14,703,030  aesExpand128(unsigned long long, TreeNode*, unsigned int*, unsigned long, unsigned long)



CUDA Memory Operation Statistics (by time):

 Time(%)  Total Time (ns)  Operations    Average      Minimum     Maximum        Operation
 -------  ---------------  ----------  ------------  ----------  ----------  ------------------
    96.4      661,308,207          16  41,331,762.9  41,210,999  42,043,385  [CUDA memcpy DtoH]
     3.6       24,418,514         384      63,589.9       2,656     786,083  [CUDA memcpy DtoD]
     0.0           41,728          18       2,318.2       1,984       2,944  [CUDA memcpy HtoD]



CUDA Memory Operation Statistics (by size in KiB):

     Total      Operations    Average      Minimum      Maximum        Operation
 -------------  ----------  -----------  -----------  -----------  ------------------
 8,388,608.000          16  524,288.000  524,288.000  524,288.000  [CUDA memcpy DtoH]
 8,388,607.500         384   21,845.332        0.031  262,144.000  [CUDA memcpy DtoD]
         0.844          18        0.047        0.031        0.172  [CUDA memcpy HtoD]



Operating System Runtime API Statistics:

 Time(%)  Total Time (ns)  Num Calls    Average     Minimum    Maximum            Name
 -------  ---------------  ---------  ------------  -------  -----------  ---------------------
    56.0   72,310,969,217        734  98,516,306.8    4,140  100,647,520  poll
    42.5   54,949,222,941      4,734  11,607,355.9    1,186  794,816,903  pthread_join
     0.9    1,162,825,140     25,444      45,701.3   24,116      472,981  pthread_create
     0.5      625,807,132        924     677,280.4    1,263  247,653,615  ioctl
     0.1       90,346,567         71   1,272,486.9    1,273   89,695,557  mmap
     0.0       15,161,825          6   2,526,970.8    1,148   14,725,684  fcntl
     0.0        4,197,844         68      61,733.0    2,972    1,712,304  mmap64
     0.0        2,148,816         10     214,881.6   32,961    1,420,435  sem_timedwait
     0.0        1,150,141         30      38,338.0    2,020      316,891  fopen
     0.0          920,310          7     131,472.9    9,023      269,025  fread
     0.0          738,640         85       8,689.9    1,030      153,391  open64
     0.0          182,633         67       2,725.9    1,012       20,669  munmap
     0.0          148,347         24       6,181.1    2,321       20,630  fclose
     0.0          120,862         21       5,755.3    1,751       38,663  mprotect
     0.0           44,638          1      44,638.0   44,638       44,638  fgets
     0.0           43,035         11       3,912.3    1,878       10,978  write
     0.0           38,608         14       2,757.7    1,553        4,010  read
     0.0           32,968          5       6,593.6    3,606       10,196  open
     0.0           18,448          3       6,149.3    1,469        9,806  fgetc
     0.0           10,074          1      10,074.0   10,074       10,074  connect
     0.0            8,263          2       4,131.5    2,685        5,578  socket
     0.0            7,634          1       7,634.0    7,634        7,634  pipe2
     0.0            2,096          1       2,096.0    2,096        2,096  bind
     0.0            1,149          1       1,149.0    1,149        1,149  pthread_mutex_trylock

